V 0 .3
V 1 .3
V 2 .3
V 3 .3
V 4 .3

W 0 0
W 1 0
W 2 0
W 3 0
W 4 0

N 0 0.80000 55
N 1 0.00000 59
N 2 0.00000 62
N 3 1.60000 66
N 0 0.80000 50
N 1 0.00000 57
N 2 0.00000 61
N 3 1.60000 66

N 0 0.80000 55
N 1 0.00000 59
N 2 0.00000 62
N 3 0.00000 66
N 4 0.80000 78
N 4 0.80000 81
N 0 0.00000 50
N 4 0.80000 79
N 1 0.00000 57
N 2 0.00000 61
N 3 0.00000 66
N 4 0.80000 78
N 4 0.80000 73

N 0 0.00000 55
N 4 0.80000 71
N 1 0.00000 59
N 2 0.00000 62
N 3 0.00000 66
N 4 0.80000 73
N 4 0.80000 74
N 0 0.00000 50
N 4 0.80000 69
N 1 0.00000 57
N 2 0.00000 61
N 3 1.60000 66

N 0 0.00000 55
N 4 0.80000 66
N 1 0.00000 59
N 2 0.00000 62
N 3 1.60000 66
N 0 0.80000 50
N 1 0.00000 57
N 2 0.00000 61
N 3 1.60000 66

N 0 0.80000 55
N 1 0.00000 59
N 2 0.00000 62
N 3 1.60000 66
N 0 0.80000 50
N 1 0.00000 57
N 2 0.00000 61
N 3 1.60000 66

N 0 0.80000 55
N 1 0.00000 59
N 2 0.00000 62
N 3 0.00000 66
N 4 0.80000 78
N 4 0.80000 81
N 0 0.00000 50
N 4 0.80000 79
N 1 0.00000 57
N 2 0.00000 61
N 3 0.00000 66
N 4 0.80000 78
N 4 0.80000 73

N 0 0.00000 55
N 4 0.80000 71
N 1 0.00000 59
N 2 0.00000 62
N 3 0.00000 66
N 4 0.80000 73
N 4 0.80000 74
N 0 0.00000 50
N 4 0.80000 69
N 1 0.00000 57
N 2 0.00000 61
N 3 1.60000 66

N 0 0.00000 54
N 4 0.80000 73
N 1 0.00000 57
N 2 0.00000 61
N 3 1.60000 66
N 0 0.00000 47
N 4 0.80000 78
N 1 0.00000 59
N 2 0.00000 62
N 3 1.60000 66

N 0 0.00000 52
N 4 0.80000 64
N 1 0.00000 55
N 2 1.60000 59
N 0 0.80000 52
N 1 0.00000 59
N 2 0.00000 62
N 3 1.60000 67
N 0 0.80000 50
N 1 0.00000 54
N 2 0.00000 57
N 3 1.60000 62